#Insert size (bp)	insert size
123.0	1.0
124.0	1.0
125.0	1.0
126.0	1.0
127.0	8.0
128.0	8.0
129.0	12.0
130.0	19.0
131.0	26.0
132.0	34.0
133.0	41.0
134.0	43.0
135.0	63.0
136.0	59.0
137.0	80.0
138.0	101.0
139.0	142.0
140.0	176.0
141.0	233.0
142.0	261.0
143.0	318.0
144.0	404.0
145.0	470.0
146.0	605.0
147.0	766.0
148.0	1057.0
149.0	1426.0
150.0	10428.0
151.0	15007.0
152.0	15749.0
153.0	16122.0
154.0	15310.0
155.0	13771.0
156.0	12544.0
157.0	12509.0
158.0	12426.0
159.0	12568.0
160.0	13149.0
161.0	13019.0
162.0	13541.0
163.0	13804.0
164.0	13763.0
165.0	14109.0
166.0	14387.0
167.0	14460.0
168.0	14620.0
169.0	15225.0
170.0	15573.0
171.0	15742.0
172.0	16371.0
173.0	16650.0
174.0	16946.0
175.0	17217.0
176.0	17478.0
177.0	17789.0
178.0	17968.0
179.0	18259.0
180.0	18716.0
181.0	19583.0
182.0	19909.0
183.0	20453.0
184.0	20649.0
185.0	20950.0
186.0	21354.0
187.0	21475.0
188.0	21805.0
189.0	22677.0
190.0	22563.0
191.0	23389.0
192.0	23549.0
193.0	24029.0
194.0	24550.0
195.0	24565.0
196.0	25079.0
197.0	25277.0
198.0	25811.0
199.0	25916.0
200.0	26565.0
201.0	26943.0
202.0	27459.0
203.0	28204.0
204.0	28707.0
205.0	29149.0
206.0	28921.0
207.0	29473.0
208.0	29621.0
209.0	30214.0
210.0	30767.0
211.0	31788.0
212.0	32295.0
213.0	33594.0
214.0	34292.0
215.0	34917.0
216.0	35226.0
217.0	35873.0
218.0	36537.0
219.0	36583.0
220.0	37256.0
221.0	38241.0
222.0	39643.0
223.0	40640.0
224.0	41858.0
225.0	42442.0
226.0	43395.0
227.0	43770.0
228.0	44565.0
229.0	45226.0
230.0	45685.0
231.0	46148.0
232.0	46186.0
233.0	47579.0
234.0	48744.0
235.0	49326.0
236.0	49511.0
237.0	50234.0
238.0	50416.0
239.0	50779.0
240.0	51160.0
241.0	51092.0
242.0	51811.0
243.0	51967.0
244.0	52997.0
245.0	53730.0
246.0	54334.0
247.0	54497.0
248.0	54933.0
249.0	55328.0
250.0	55504.0
251.0	56547.0
252.0	56492.0
253.0	56804.0
254.0	57484.0
255.0	58494.0
256.0	58961.0
257.0	60357.0
258.0	60582.0
259.0	61263.0
260.0	61387.0
261.0	62630.0
262.0	63083.0
263.0	63291.0
264.0	64709.0
265.0	65078.0
266.0	66276.0
267.0	67351.0
268.0	68708.0
269.0	69492.0
270.0	70085.0
271.0	70536.0
272.0	71734.0
273.0	72306.0
274.0	72909.0
275.0	74556.0
276.0	76120.0
277.0	76545.0
278.0	77451.0
279.0	78664.0
280.0	80359.0
281.0	80600.0
282.0	81023.0
283.0	82305.0
284.0	83006.0
285.0	84690.0
286.0	86378.0
287.0	87648.0
288.0	88422.0
289.0	89235.0
290.0	90482.0
291.0	91929.0
292.0	92609.0
293.0	92777.0
294.0	94620.0
295.0	96108.0
296.0	96866.0
297.0	98207.0
298.0	99583.0
299.0	100450.0
300.0	101588.0
301.0	102895.0
302.0	103748.0
303.0	104325.0
304.0	104934.0
305.0	106366.0
306.0	107949.0
307.0	109465.0
308.0	110885.0
309.0	111796.0
310.0	112828.0
311.0	114089.0
312.0	115056.0
313.0	114797.0
314.0	115915.0
315.0	117047.0
316.0	118023.0
317.0	119250.0
318.0	120260.0
319.0	121461.0
320.0	122021.0
321.0	122875.0
322.0	124004.0
323.0	123515.0
324.0	124354.0
325.0	125147.0
326.0	125799.0
327.0	126979.0
328.0	128007.0
329.0	128589.0
330.0	129422.0
331.0	129894.0
332.0	130358.0
333.0	130195.0
334.0	130682.0
335.0	131383.0
336.0	131307.0
337.0	132267.0
338.0	133132.0
339.0	133052.0
340.0	133736.0
341.0	134077.0
342.0	134382.0
343.0	134144.0
344.0	134075.0
345.0	134129.0
346.0	133794.0
347.0	134812.0
348.0	135057.0
349.0	135517.0
350.0	135655.0
351.0	135315.0
352.0	135504.0
353.0	135235.0
354.0	135108.0
355.0	134193.0
356.0	134319.0
357.0	134180.0
358.0	133787.0
359.0	134284.0
360.0	133669.0
361.0	133460.0
362.0	132118.0
363.0	132466.0
364.0	131051.0
365.0	131888.0
366.0	130427.0
367.0	129942.0
368.0	129088.0
369.0	129593.0
370.0	128750.0
371.0	128283.0
372.0	127733.0
373.0	126384.0
374.0	125786.0
375.0	125097.0
376.0	123920.0
377.0	122585.0
378.0	122216.0
379.0	120924.0
380.0	119873.0
381.0	120110.0
382.0	118373.0
383.0	118108.0
384.0	116428.0
385.0	115548.0
386.0	113502.0
387.0	112636.0
388.0	111829.0
389.0	111181.0
390.0	110012.0
391.0	109678.0
392.0	108837.0
393.0	107228.0
394.0	105552.0
395.0	104705.0
396.0	102586.0
397.0	102377.0
398.0	100238.0
399.0	99851.0
400.0	98227.0
401.0	97885.0
402.0	97080.0
403.0	95453.0
404.0	94038.0
405.0	92941.0
406.0	91580.0
407.0	90311.0
408.0	89235.0
409.0	87624.0
410.0	86293.0
411.0	85102.0
412.0	83526.0
413.0	82304.0
414.0	81529.0
415.0	79875.0
416.0	78586.0
417.0	77289.0
418.0	75805.0
419.0	74550.0
420.0	73645.0
421.0	72545.0
422.0	71131.0
423.0	70378.0
424.0	69189.0
425.0	67654.0
426.0	66937.0
427.0	65936.0
428.0	64273.0
429.0	63115.0
430.0	61658.0
431.0	61030.0
432.0	60435.0
433.0	59150.0
434.0	58506.0
435.0	57127.0
436.0	56118.0
437.0	54486.0
438.0	53316.0
439.0	53267.0
440.0	51730.0
441.0	50821.0
442.0	49669.0
443.0	49189.0
444.0	47894.0
445.0	47040.0
446.0	46215.0
447.0	44753.0
448.0	44033.0
449.0	43152.0
450.0	41951.0
451.0	41233.0
452.0	40648.0
453.0	40208.0
454.0	39032.0
455.0	38349.0
456.0	37625.0
457.0	36829.0
458.0	35542.0
459.0	35036.0
460.0	34374.0
461.0	33435.0
462.0	33254.0
463.0	32703.0
464.0	32077.0
465.0	31289.0
466.0	30575.0
467.0	30119.0
468.0	29145.0
469.0	28277.0
470.0	27438.0
471.0	27001.0
472.0	26858.0
473.0	25768.0
474.0	25623.0
475.0	24889.0
476.0	24387.0
477.0	24158.0
478.0	23508.0
479.0	22784.0
480.0	22447.0
481.0	21667.0
482.0	21384.0
483.0	21168.0
484.0	20600.0
485.0	20139.0
486.0	20023.0
487.0	19373.0
488.0	18841.0
489.0	18612.0
490.0	18233.0
491.0	18092.0
492.0	17558.0
493.0	17259.0
494.0	17217.0
495.0	16644.0
496.0	16621.0
497.0	16339.0
498.0	16193.0
499.0	16090.0
500.0	16382.0
501.0	5971.0
502.0	5761.0
503.0	5627.0
504.0	5569.0
505.0	5490.0
506.0	5399.0
507.0	5060.0
508.0	4957.0
509.0	4921.0
510.0	4641.0
511.0	4686.0
512.0	4574.0
513.0	4427.0
514.0	4338.0
515.0	4269.0
516.0	4051.0
517.0	4046.0
518.0	3960.0
519.0	3882.0
520.0	3693.0
521.0	3435.0
522.0	3556.0
523.0	3424.0
524.0	3531.0
525.0	4032.0
526.0	4821.0
527.0	8431.0
528.0	14932.0
529.0	1385.0
530.0	1426.0
531.0	1383.0
532.0	1410.0
533.0	1354.0
534.0	1381.0
535.0	1320.0
536.0	1318.0
537.0	1308.0
538.0	1225.0
539.0	1258.0
540.0	1247.0
541.0	1260.0
542.0	1207.0
543.0	1188.0
544.0	1179.0
545.0	1137.0
546.0	1248.0
547.0	1262.0
548.0	1293.0
549.0	1364.0
550.0	1392.0
551.0	1420.0
552.0	1575.0
553.0	1427.0
554.0	1436.0
555.0	1423.0
556.0	1411.0
557.0	1368.0
558.0	1372.0
559.0	1296.0
560.0	1194.0
561.0	1223.0
562.0	1158.0
563.0	1136.0
564.0	1125.0
565.0	1149.0
566.0	1039.0
567.0	1057.0
568.0	1079.0
569.0	981.0
570.0	940.0
571.0	951.0
572.0	904.0
573.0	887.0
574.0	859.0
575.0	777.0
576.0	806.0
577.0	763.0
578.0	791.0
579.0	723.0
580.0	776.0
581.0	700.0
582.0	679.0
583.0	661.0
584.0	663.0
585.0	622.0
586.0	631.0
587.0	569.0
588.0	565.0
589.0	548.0
590.0	581.0
591.0	560.0
592.0	529.0
593.0	514.0
594.0	461.0
595.0	466.0
596.0	460.0
597.0	394.0
598.0	445.0
599.0	448.0
600.0	408.0
601.0	422.0
602.0	398.0
603.0	431.0
604.0	420.0
605.0	383.0
606.0	373.0
607.0	335.0
608.0	367.0
609.0	339.0
610.0	338.0
611.0	318.0
612.0	319.0
613.0	330.0
614.0	329.0
615.0	290.0
616.0	296.0
617.0	269.0
618.0	242.0
619.0	249.0
620.0	270.0
621.0	255.0
622.0	263.0
623.0	238.0
624.0	269.0
625.0	246.0
626.0	239.0
627.0	203.0
628.0	209.0
629.0	199.0
630.0	190.0
631.0	208.0
632.0	201.0
633.0	191.0
634.0	179.0
635.0	189.0
636.0	183.0
637.0	179.0
638.0	153.0
639.0	184.0
640.0	181.0
641.0	169.0
642.0	176.0
643.0	162.0
644.0	149.0
645.0	163.0
646.0	133.0
647.0	151.0
648.0	148.0
649.0	165.0
650.0	123.0
651.0	151.0
652.0	149.0
653.0	135.0
654.0	147.0
655.0	130.0
656.0	151.0
657.0	103.0
658.0	115.0
659.0	142.0
660.0	108.0
661.0	115.0
662.0	125.0
663.0	123.0
664.0	113.0
665.0	114.0
666.0	124.0
667.0	90.0
668.0	111.0
669.0	98.0
670.0	125.0
671.0	93.0
672.0	101.0
673.0	103.0
674.0	94.0
675.0	84.0
676.0	80.0
677.0	101.0
678.0	95.0
679.0	103.0
680.0	81.0
681.0	76.0
682.0	98.0
683.0	94.0
684.0	97.0
685.0	94.0
686.0	84.0
687.0	96.0
688.0	78.0
689.0	96.0
690.0	75.0
691.0	80.0
692.0	82.0
693.0	76.0
694.0	79.0
695.0	85.0
696.0	67.0
697.0	83.0
698.0	72.0
699.0	77.0
700.0	73.0
701.0	67.0
702.0	72.0
703.0	75.0
704.0	59.0
705.0	73.0
706.0	86.0
707.0	75.0
708.0	76.0
709.0	76.0
710.0	64.0
711.0	72.0
712.0	68.0
713.0	67.0
714.0	71.0
715.0	56.0
716.0	59.0
717.0	81.0
718.0	72.0
719.0	75.0
720.0	61.0
721.0	57.0
722.0	66.0
723.0	59.0
724.0	61.0
725.0	47.0
726.0	58.0
727.0	60.0
728.0	47.0
729.0	61.0
730.0	69.0
731.0	59.0
732.0	58.0
733.0	48.0
734.0	60.0
735.0	60.0
736.0	58.0
737.0	65.0
738.0	60.0
739.0	52.0
740.0	43.0
741.0	58.0
742.0	67.0
743.0	66.0
744.0	49.0
745.0	66.0
746.0	47.0
747.0	50.0
748.0	58.0
749.0	62.0
750.0	57.0
751.0	50.0
752.0	71.0
753.0	65.0
754.0	55.0
755.0	56.0
756.0	53.0
757.0	66.0
758.0	54.0
759.0	59.0
760.0	45.0
761.0	55.0
762.0	63.0
763.0	43.0
764.0	56.0
765.0	53.0
766.0	44.0
767.0	59.0
768.0	56.0
769.0	57.0
770.0	68.0
771.0	52.0
772.0	49.0
773.0	50.0
774.0	61.0
775.0	43.0
776.0	44.0
777.0	44.0
778.0	51.0
779.0	44.0
780.0	36.0
781.0	50.0
782.0	44.0
