#Insert size (bp)	insert size
125.0	2.0
126.0	1.0
127.0	2.0
128.0	11.0
129.0	15.0
130.0	14.0
131.0	15.0
132.0	23.0
133.0	38.0
134.0	34.0
135.0	48.0
136.0	74.0
137.0	76.0
138.0	103.0
139.0	142.0
140.0	145.0
141.0	181.0
142.0	254.0
143.0	247.0
144.0	356.0
145.0	429.0
146.0	497.0
147.0	653.0
148.0	890.0
149.0	1271.0
150.0	9399.0
151.0	13803.0
152.0	14337.0
153.0	14694.0
154.0	14216.0
155.0	12614.0
156.0	11429.0
157.0	11267.0
158.0	11119.0
159.0	11187.0
160.0	11439.0
161.0	11839.0
162.0	11951.0
163.0	12074.0
164.0	12470.0
165.0	12507.0
166.0	12483.0
167.0	12905.0
168.0	13191.0
169.0	13053.0
170.0	13555.0
171.0	13701.0
172.0	13977.0
173.0	14047.0
174.0	14243.0
175.0	14690.0
176.0	14892.0
177.0	15036.0
178.0	15268.0
179.0	15448.0
180.0	15741.0
181.0	15775.0
182.0	16461.0
183.0	16716.0
184.0	17287.0
185.0	17540.0
186.0	17810.0
187.0	17906.0
188.0	18357.0
189.0	18181.0
190.0	18695.0
191.0	18851.0
192.0	19118.0
193.0	19899.0
194.0	20151.0
195.0	20562.0
196.0	20939.0
197.0	21330.0
198.0	21229.0
199.0	21533.0
200.0	22170.0
201.0	22510.0
202.0	23215.0
203.0	23368.0
204.0	23930.0
205.0	24548.0
206.0	24981.0
207.0	25347.0
208.0	25641.0
209.0	26065.0
210.0	26390.0
211.0	26861.0
212.0	27276.0
213.0	28092.0
214.0	28548.0
215.0	29406.0
216.0	30183.0
217.0	30495.0
218.0	31060.0
219.0	31653.0
220.0	32044.0
221.0	32207.0
222.0	32755.0
223.0	34055.0
224.0	34865.0
225.0	35423.0
226.0	36543.0
227.0	37087.0
228.0	37260.0
229.0	38266.0
230.0	38438.0
231.0	38821.0
232.0	39956.0
233.0	40223.0
234.0	41360.0
235.0	42478.0
236.0	43952.0
237.0	44309.0
238.0	45260.0
239.0	45765.0
240.0	46274.0
241.0	47322.0
242.0	48298.0
243.0	49259.0
244.0	49907.0
245.0	51479.0
246.0	52683.0
247.0	53167.0
248.0	54383.0
249.0	54730.0
250.0	55774.0
251.0	56651.0
252.0	57292.0
253.0	58595.0
254.0	59090.0
255.0	60758.0
256.0	61550.0
257.0	63119.0
258.0	64204.0
259.0	64632.0
260.0	66293.0
261.0	67136.0
262.0	68104.0
263.0	68601.0
264.0	70013.0
265.0	71192.0
266.0	72417.0
267.0	74208.0
268.0	75539.0
269.0	76715.0
270.0	77496.0
271.0	78480.0
272.0	79833.0
273.0	80613.0
274.0	81865.0
275.0	83138.0
276.0	84098.0
277.0	86098.0
278.0	87250.0
279.0	88788.0
280.0	90363.0
281.0	91550.0
282.0	92265.0
283.0	93465.0
284.0	94251.0
285.0	95751.0
286.0	96609.0
287.0	99246.0
288.0	99964.0
289.0	100963.0
290.0	103117.0
291.0	104110.0
292.0	104369.0
293.0	105456.0
294.0	106658.0
295.0	107891.0
296.0	109710.0
297.0	110545.0
298.0	111871.0
299.0	113615.0
300.0	115197.0
301.0	115900.0
302.0	117051.0
303.0	117535.0
304.0	118290.0
305.0	119865.0
306.0	120138.0
307.0	122102.0
308.0	123763.0
309.0	124764.0
310.0	126271.0
311.0	126985.0
312.0	128052.0
313.0	128478.0
314.0	128700.0
315.0	129336.0
316.0	130989.0
317.0	131971.0
318.0	132686.0
319.0	133032.0
320.0	134839.0
321.0	135021.0
322.0	136481.0
323.0	136464.0
324.0	136771.0
325.0	136936.0
326.0	137301.0
327.0	137754.0
328.0	138631.0
329.0	140043.0
330.0	140435.0
331.0	140694.0
332.0	140971.0
333.0	141120.0
334.0	141764.0
335.0	141183.0
336.0	141045.0
337.0	140662.0
338.0	141411.0
339.0	142177.0
340.0	142245.0
341.0	142217.0
342.0	141678.0
343.0	141638.0
344.0	141756.0
345.0	141288.0
346.0	141270.0
347.0	140997.0
348.0	140509.0
349.0	140356.0
350.0	139759.0
351.0	139787.0
352.0	139523.0
353.0	138678.0
354.0	138267.0
355.0	136982.0
356.0	137347.0
357.0	135916.0
358.0	135581.0
359.0	135244.0
360.0	134925.0
361.0	134336.0
362.0	133268.0
363.0	133108.0
364.0	131983.0
365.0	130864.0
366.0	129538.0
367.0	128067.0
368.0	128122.0
369.0	126811.0
370.0	126091.0
371.0	125335.0
372.0	124394.0
373.0	123229.0
374.0	122883.0
375.0	121966.0
376.0	120098.0
377.0	118516.0
378.0	118466.0
379.0	116750.0
380.0	115868.0
381.0	115162.0
382.0	114293.0
383.0	113238.0
384.0	111676.0
385.0	110570.0
386.0	109158.0
387.0	108010.0
388.0	106605.0
389.0	105464.0
390.0	104527.0
391.0	102924.0
392.0	102157.0
393.0	101109.0
394.0	100022.0
395.0	98754.0
396.0	97464.0
397.0	96143.0
398.0	94679.0
399.0	93729.0
400.0	92247.0
401.0	91818.0
402.0	89389.0
403.0	89351.0
404.0	87811.0
405.0	86971.0
406.0	84942.0
407.0	84075.0
408.0	82391.0
409.0	81242.0
410.0	80145.0
411.0	78333.0
412.0	77277.0
413.0	75750.0
414.0	75348.0
415.0	73410.0
416.0	72339.0
417.0	71011.0
418.0	70483.0
419.0	68663.0
420.0	67856.0
421.0	67121.0
422.0	65978.0
423.0	65189.0
424.0	63666.0
425.0	63008.0
426.0	61780.0
427.0	59969.0
428.0	59164.0
429.0	58001.0
430.0	57159.0
431.0	56109.0
432.0	55029.0
433.0	54609.0
434.0	53263.0
435.0	52582.0
436.0	51400.0
437.0	50390.0
438.0	49247.0
439.0	48481.0
440.0	47254.0
441.0	46951.0
442.0	46122.0
443.0	44910.0
444.0	44028.0
445.0	43149.0
446.0	42486.0
447.0	41193.0
448.0	40694.0
449.0	39709.0
450.0	39241.0
451.0	38763.0
452.0	37401.0
453.0	36653.0
454.0	35935.0
455.0	35556.0
456.0	34992.0
457.0	33985.0
458.0	33293.0
459.0	32344.0
460.0	31412.0
461.0	31164.0
462.0	30374.0
463.0	29613.0
464.0	29252.0
465.0	29040.0
466.0	27751.0
467.0	27042.0
468.0	26532.0
469.0	26400.0
470.0	25555.0
471.0	24938.0
472.0	24467.0
473.0	23874.0
474.0	23655.0
475.0	23130.0
476.0	22426.0
477.0	21951.0
478.0	21602.0
479.0	20857.0
480.0	20387.0
481.0	20121.0
482.0	19340.0
483.0	19357.0
484.0	18871.0
485.0	18567.0
486.0	18216.0
487.0	17720.0
488.0	17447.0
489.0	16860.0
490.0	16392.0
491.0	16211.0
492.0	16120.0
493.0	15683.0
494.0	15192.0
495.0	15086.0
496.0	15057.0
497.0	14695.0
498.0	14511.0
499.0	14461.0
500.0	14733.0
501.0	5147.0
502.0	5112.0
503.0	5099.0
504.0	4916.0
505.0	4820.0
506.0	4583.0
507.0	4617.0
508.0	4462.0
509.0	4311.0
510.0	4176.0
511.0	3996.0
512.0	3944.0
513.0	3855.0
514.0	3745.0
515.0	3633.0
516.0	3556.0
517.0	3452.0
518.0	3331.0
519.0	3300.0
520.0	3189.0
521.0	3208.0
522.0	3169.0
523.0	3039.0
524.0	3083.0
525.0	3461.0
526.0	4289.0
527.0	7186.0
528.0	12900.0
529.0	1250.0
530.0	1240.0
531.0	1233.0
532.0	1187.0
533.0	1150.0
534.0	1156.0
535.0	1039.0
536.0	1062.0
537.0	1072.0
538.0	1180.0
539.0	1080.0
540.0	1032.0
541.0	1051.0
542.0	996.0
543.0	1011.0
544.0	995.0
545.0	1032.0
546.0	1031.0
547.0	1084.0
548.0	1054.0
549.0	1162.0
550.0	1184.0
551.0	1170.0
552.0	1226.0
553.0	1228.0
554.0	1202.0
555.0	1176.0
556.0	1147.0
557.0	1098.0
558.0	1099.0
559.0	1153.0
560.0	985.0
561.0	986.0
562.0	982.0
563.0	950.0
564.0	864.0
565.0	879.0
566.0	853.0
567.0	850.0
568.0	848.0
569.0	724.0
570.0	765.0
571.0	733.0
572.0	695.0
573.0	730.0
574.0	642.0
575.0	675.0
576.0	590.0
577.0	633.0
578.0	607.0
579.0	636.0
580.0	555.0
581.0	555.0
582.0	569.0
583.0	543.0
584.0	481.0
585.0	511.0
586.0	486.0
587.0	456.0
588.0	425.0
589.0	427.0
590.0	468.0
591.0	463.0
592.0	446.0
593.0	376.0
594.0	406.0
595.0	380.0
596.0	361.0
597.0	371.0
598.0	371.0
599.0	373.0
600.0	329.0
601.0	297.0
602.0	317.0
603.0	297.0
604.0	303.0
605.0	290.0
606.0	266.0
607.0	252.0
608.0	284.0
609.0	240.0
610.0	256.0
611.0	247.0
612.0	278.0
613.0	224.0
614.0	211.0
615.0	231.0
616.0	254.0
617.0	225.0
618.0	204.0
619.0	210.0
620.0	203.0
621.0	184.0
622.0	190.0
623.0	204.0
624.0	185.0
625.0	197.0
626.0	204.0
627.0	173.0
628.0	175.0
629.0	169.0
630.0	181.0
631.0	160.0
632.0	158.0
633.0	141.0
634.0	146.0
635.0	126.0
636.0	153.0
637.0	141.0
638.0	129.0
639.0	142.0
640.0	142.0
641.0	132.0
642.0	127.0
643.0	126.0
644.0	103.0
645.0	140.0
646.0	136.0
647.0	87.0
648.0	136.0
649.0	133.0
650.0	119.0
651.0	105.0
652.0	120.0
653.0	102.0
654.0	115.0
655.0	114.0
656.0	94.0
657.0	102.0
658.0	113.0
659.0	105.0
660.0	124.0
661.0	117.0
662.0	93.0
663.0	95.0
664.0	101.0
665.0	99.0
666.0	109.0
667.0	95.0
668.0	95.0
669.0	88.0
670.0	105.0
671.0	103.0
672.0	74.0
673.0	74.0
674.0	71.0
675.0	92.0
676.0	85.0
677.0	83.0
678.0	104.0
679.0	79.0
680.0	79.0
681.0	76.0
682.0	87.0
683.0	74.0
684.0	77.0
685.0	77.0
686.0	80.0
687.0	92.0
688.0	83.0
689.0	82.0
690.0	83.0
691.0	85.0
692.0	76.0
693.0	84.0
694.0	66.0
695.0	76.0
696.0	73.0
697.0	70.0
698.0	65.0
699.0	72.0
700.0	81.0
701.0	69.0
702.0	90.0
703.0	68.0
704.0	64.0
705.0	58.0
706.0	66.0
707.0	70.0
708.0	56.0
709.0	54.0
710.0	46.0
711.0	69.0
712.0	55.0
713.0	70.0
714.0	63.0
715.0	50.0
716.0	63.0
717.0	69.0
718.0	69.0
719.0	64.0
720.0	75.0
721.0	62.0
722.0	53.0
723.0	65.0
724.0	63.0
725.0	53.0
726.0	70.0
727.0	62.0
728.0	53.0
729.0	66.0
730.0	50.0
731.0	53.0
732.0	52.0
733.0	60.0
734.0	65.0
735.0	62.0
736.0	52.0
737.0	54.0
738.0	58.0
739.0	48.0
740.0	47.0
741.0	41.0
742.0	50.0
743.0	56.0
744.0	63.0
745.0	57.0
746.0	63.0
747.0	65.0
748.0	55.0
749.0	52.0
750.0	61.0
751.0	64.0
752.0	71.0
753.0	53.0
754.0	42.0
755.0	62.0
756.0	55.0
757.0	34.0
758.0	52.0
759.0	41.0
760.0	54.0
761.0	42.0
762.0	62.0
763.0	55.0
764.0	59.0
765.0	39.0
766.0	49.0
767.0	54.0
768.0	50.0
769.0	46.0
770.0	51.0
771.0	44.0
772.0	33.0
