#Insert size (bp)	insert size
122.0	1.0
125.0	2.0
126.0	8.0
127.0	4.0
128.0	3.0
129.0	9.0
130.0	7.0
131.0	17.0
132.0	22.0
133.0	33.0
134.0	30.0
135.0	42.0
136.0	50.0
137.0	82.0
138.0	92.0
139.0	98.0
140.0	127.0
141.0	147.0
142.0	187.0
143.0	243.0
144.0	299.0
145.0	374.0
146.0	480.0
147.0	553.0
148.0	699.0
149.0	1015.0
150.0	8229.0
151.0	11380.0
152.0	12189.0
153.0	12365.0
154.0	11977.0
155.0	10737.0
156.0	9594.0
157.0	9623.0
158.0	9328.0
159.0	9562.0
160.0	9804.0
161.0	9816.0
162.0	10266.0
163.0	10655.0
164.0	10774.0
165.0	10902.0
166.0	10979.0
167.0	11081.0
168.0	11282.0
169.0	11490.0
170.0	11364.0
171.0	11929.0
172.0	12083.0
173.0	12515.0
174.0	12646.0
175.0	13164.0
176.0	13115.0
177.0	13282.0
178.0	13515.0
179.0	13691.0
180.0	13744.0
181.0	14280.0
182.0	14285.0
183.0	14844.0
184.0	15270.0
185.0	15272.0
186.0	15658.0
187.0	15875.0
188.0	16013.0
189.0	16400.0
190.0	16552.0
191.0	16810.0
192.0	17388.0
193.0	18014.0
194.0	18378.0
195.0	18506.0
196.0	18632.0
197.0	19119.0
198.0	19146.0
199.0	19299.0
200.0	19674.0
201.0	19956.0
202.0	20320.0
203.0	20962.0
204.0	21561.0
205.0	21943.0
206.0	22176.0
207.0	22676.0
208.0	22914.0
209.0	22964.0
210.0	23558.0
211.0	24104.0
212.0	24651.0
213.0	25334.0
214.0	25943.0
215.0	26191.0
216.0	27153.0
217.0	27351.0
218.0	27901.0
219.0	28028.0
220.0	28448.0
221.0	29072.0
222.0	29462.0
223.0	30520.0
224.0	31067.0
225.0	32324.0
226.0	32428.0
227.0	33433.0
228.0	33704.0
229.0	34366.0
230.0	34920.0
231.0	35152.0
232.0	36011.0
233.0	36483.0
234.0	37385.0
235.0	38274.0
236.0	38882.0
237.0	39740.0
238.0	40526.0
239.0	40729.0
240.0	41509.0
241.0	42004.0
242.0	42375.0
243.0	43152.0
244.0	43742.0
245.0	45292.0
246.0	46145.0
247.0	47322.0
248.0	47298.0
249.0	47951.0
250.0	48855.0
251.0	49561.0
252.0	49798.0
253.0	50904.0
254.0	51508.0
255.0	52425.0
256.0	53536.0
257.0	54444.0
258.0	55547.0
259.0	56146.0
260.0	57223.0
261.0	58015.0
262.0	58675.0
263.0	59449.0
264.0	60678.0
265.0	61770.0
266.0	62759.0
267.0	64328.0
268.0	64728.0
269.0	66567.0
270.0	67293.0
271.0	68173.0
272.0	69129.0
273.0	69961.0
274.0	71414.0
275.0	72357.0
276.0	74006.0
277.0	75526.0
278.0	76852.0
279.0	78178.0
280.0	78922.0
281.0	80271.0
282.0	81176.0
283.0	82219.0
284.0	82919.0
285.0	84448.0
286.0	86069.0
287.0	87850.0
288.0	89122.0
289.0	90174.0
290.0	91903.0
291.0	93600.0
292.0	94246.0
293.0	95326.0
294.0	96247.0
295.0	97883.0
296.0	98560.0
297.0	101138.0
298.0	102282.0
299.0	103521.0
300.0	105040.0
301.0	105651.0
302.0	107265.0
303.0	108020.0
304.0	109477.0
305.0	110049.0
306.0	111606.0
307.0	113405.0
308.0	114597.0
309.0	116248.0
310.0	117483.0
311.0	118326.0
312.0	119992.0
313.0	120584.0
314.0	122155.0
315.0	122365.0
316.0	123041.0
317.0	125658.0
318.0	126040.0
319.0	127355.0
320.0	129125.0
321.0	129473.0
322.0	130348.0
323.0	130795.0
324.0	131706.0
325.0	132610.0
326.0	132752.0
327.0	133821.0
328.0	134842.0
329.0	135694.0
330.0	137054.0
331.0	136845.0
332.0	138433.0
333.0	138470.0
334.0	139120.0
335.0	139411.0
336.0	139437.0
337.0	139369.0
338.0	140536.0
339.0	141635.0
340.0	142072.0
341.0	142034.0
342.0	142641.0
343.0	142806.0
344.0	142379.0
345.0	142727.0
346.0	142481.0
347.0	142176.0
348.0	142579.0
349.0	142833.0
350.0	142596.0
351.0	143193.0
352.0	143016.0
353.0	142395.0
354.0	142665.0
355.0	141631.0
356.0	141315.0
357.0	141114.0
358.0	140122.0
359.0	140609.0
360.0	140688.0
361.0	139936.0
362.0	139257.0
363.0	139072.0
364.0	138220.0
365.0	137566.0
366.0	136785.0
367.0	135414.0
368.0	135020.0
369.0	134458.0
370.0	134038.0
371.0	133965.0
372.0	132681.0
373.0	132596.0
374.0	130632.0
375.0	129853.0
376.0	128960.0
377.0	127678.0
378.0	127231.0
379.0	125661.0
380.0	125367.0
381.0	123941.0
382.0	123351.0
383.0	123129.0
384.0	121431.0
385.0	120300.0
386.0	118490.0
387.0	117227.0
388.0	116396.0
389.0	114910.0
390.0	114176.0
391.0	113070.0
392.0	112043.0
393.0	111099.0
394.0	109701.0
395.0	108537.0
396.0	107227.0
397.0	105942.0
398.0	104435.0
399.0	103293.0
400.0	101637.0
401.0	100581.0
402.0	99187.0
403.0	98352.0
404.0	97677.0
405.0	95749.0
406.0	94719.0
407.0	93012.0
408.0	91653.0
409.0	90671.0
410.0	88977.0
411.0	87634.0
412.0	87254.0
413.0	85124.0
414.0	84542.0
415.0	83242.0
416.0	81056.0
417.0	79960.0
418.0	78928.0
419.0	77274.0
420.0	75977.0
421.0	75394.0
422.0	74469.0
423.0	72945.0
424.0	72343.0
425.0	70829.0
426.0	69478.0
427.0	68006.0
428.0	66710.0
429.0	65867.0
430.0	64623.0
431.0	63524.0
432.0	62619.0
433.0	61478.0
434.0	60338.0
435.0	59007.0
436.0	58426.0
437.0	57563.0
438.0	55957.0
439.0	55121.0
440.0	54176.0
441.0	53118.0
442.0	51621.0
443.0	51450.0
444.0	50052.0
445.0	49153.0
446.0	48249.0
447.0	47413.0
448.0	46219.0
449.0	45253.0
450.0	44597.0
451.0	43760.0
452.0	42949.0
453.0	41918.0
454.0	41124.0
455.0	40418.0
456.0	39225.0
457.0	38462.0
458.0	37646.0
459.0	36974.0
460.0	36138.0
461.0	35574.0
462.0	34577.0
463.0	34159.0
464.0	33540.0
465.0	32486.0
466.0	32149.0
467.0	31190.0
468.0	30345.0
469.0	29742.0
470.0	29257.0
471.0	28536.0
472.0	27868.0
473.0	27631.0
474.0	26668.0
475.0	26562.0
476.0	25641.0
477.0	25230.0
478.0	24835.0
479.0	23954.0
480.0	23625.0
481.0	23047.0
482.0	22406.0
483.0	22300.0
484.0	21926.0
485.0	21431.0
486.0	20972.0
487.0	20329.0
488.0	19974.0
489.0	19304.0
490.0	19194.0
491.0	18681.0
492.0	18253.0
493.0	18095.0
494.0	17897.0
495.0	17559.0
496.0	17459.0
497.0	17031.0
498.0	16947.0
499.0	17160.0
500.0	17225.0
501.0	6161.0
502.0	6023.0
503.0	5930.0
504.0	5642.0
505.0	5549.0
506.0	5544.0
507.0	5271.0
508.0	5092.0
509.0	5134.0
510.0	4888.0
511.0	4813.0
512.0	4604.0
513.0	4459.0
514.0	4393.0
515.0	4359.0
516.0	4234.0
517.0	4040.0
518.0	4082.0
519.0	3968.0
520.0	3792.0
521.0	3536.0
522.0	3522.0
523.0	3546.0
524.0	3666.0
525.0	4023.0
526.0	5059.0
527.0	8487.0
528.0	15037.0
529.0	1502.0
530.0	1418.0
531.0	1447.0
532.0	1403.0
533.0	1398.0
534.0	1338.0
535.0	1368.0
536.0	1352.0
537.0	1212.0
538.0	1251.0
539.0	1266.0
540.0	1273.0
541.0	1202.0
542.0	1258.0
543.0	1141.0
544.0	1132.0
545.0	1205.0
546.0	1198.0
547.0	1258.0
548.0	1274.0
549.0	1384.0
550.0	1353.0
551.0	1504.0
552.0	1450.0
553.0	1514.0
554.0	1353.0
555.0	1457.0
556.0	1409.0
557.0	1388.0
558.0	1326.0
559.0	1222.0
560.0	1157.0
561.0	1159.0
562.0	1189.0
563.0	1116.0
564.0	1112.0
565.0	1029.0
566.0	1060.0
567.0	1002.0
568.0	1032.0
569.0	990.0
570.0	919.0
571.0	928.0
572.0	843.0
573.0	801.0
574.0	809.0
575.0	781.0
576.0	785.0
577.0	742.0
578.0	727.0
579.0	687.0
580.0	738.0
581.0	701.0
582.0	684.0
583.0	609.0
584.0	610.0
585.0	605.0
586.0	623.0
587.0	580.0
588.0	544.0
589.0	555.0
590.0	523.0
591.0	500.0
592.0	492.0
593.0	504.0
594.0	487.0
595.0	434.0
596.0	455.0
597.0	428.0
598.0	452.0
599.0	404.0
600.0	379.0
601.0	391.0
602.0	374.0
603.0	365.0
604.0	376.0
605.0	353.0
606.0	357.0
607.0	365.0
608.0	320.0
609.0	326.0
610.0	309.0
611.0	324.0
612.0	318.0
613.0	288.0
614.0	272.0
615.0	284.0
616.0	273.0
617.0	241.0
618.0	221.0
619.0	268.0
620.0	252.0
621.0	255.0
622.0	212.0
623.0	247.0
624.0	216.0
625.0	212.0
626.0	201.0
627.0	194.0
628.0	200.0
629.0	206.0
630.0	218.0
631.0	176.0
632.0	178.0
633.0	162.0
634.0	161.0
635.0	163.0
636.0	170.0
637.0	165.0
638.0	170.0
639.0	166.0
640.0	148.0
641.0	178.0
642.0	148.0
643.0	164.0
644.0	165.0
645.0	145.0
646.0	140.0
647.0	143.0
648.0	142.0
649.0	131.0
650.0	143.0
651.0	131.0
652.0	102.0
653.0	145.0
654.0	120.0
655.0	140.0
656.0	115.0
657.0	125.0
658.0	100.0
659.0	103.0
660.0	103.0
661.0	129.0
662.0	121.0
663.0	88.0
664.0	112.0
665.0	108.0
666.0	89.0
667.0	93.0
668.0	108.0
669.0	108.0
670.0	107.0
671.0	79.0
672.0	103.0
673.0	86.0
674.0	93.0
675.0	111.0
676.0	98.0
677.0	95.0
678.0	88.0
679.0	88.0
680.0	84.0
681.0	84.0
682.0	92.0
683.0	84.0
684.0	86.0
685.0	101.0
686.0	85.0
687.0	82.0
688.0	110.0
689.0	87.0
690.0	81.0
691.0	82.0
692.0	78.0
693.0	67.0
694.0	71.0
695.0	84.0
696.0	79.0
697.0	71.0
698.0	70.0
699.0	76.0
700.0	85.0
701.0	73.0
702.0	93.0
703.0	67.0
704.0	63.0
705.0	68.0
706.0	60.0
707.0	71.0
708.0	62.0
709.0	73.0
710.0	82.0
711.0	71.0
712.0	86.0
713.0	64.0
714.0	63.0
715.0	64.0
716.0	60.0
717.0	61.0
718.0	63.0
719.0	73.0
720.0	70.0
721.0	65.0
722.0	69.0
723.0	78.0
724.0	62.0
725.0	72.0
726.0	63.0
727.0	58.0
728.0	67.0
729.0	72.0
730.0	65.0
731.0	54.0
732.0	65.0
733.0	73.0
734.0	60.0
735.0	75.0
736.0	63.0
737.0	75.0
738.0	70.0
739.0	56.0
740.0	68.0
741.0	66.0
742.0	77.0
743.0	47.0
744.0	56.0
745.0	53.0
746.0	56.0
747.0	64.0
748.0	52.0
749.0	44.0
750.0	75.0
751.0	54.0
752.0	66.0
753.0	61.0
754.0	77.0
755.0	61.0
756.0	74.0
757.0	52.0
758.0	70.0
759.0	59.0
760.0	51.0
761.0	75.0
762.0	44.0
763.0	67.0
764.0	59.0
765.0	64.0
766.0	62.0
767.0	53.0
768.0	50.0
769.0	49.0
770.0	58.0
771.0	55.0
772.0	56.0
773.0	57.0
774.0	43.0
775.0	54.0
776.0	54.0
777.0	54.0
778.0	44.0
779.0	50.0
780.0	46.0
781.0	46.0
782.0	50.0
783.0	41.0
784.0	47.0
785.0	57.0
786.0	56.0
